
123600
32636
1.48159e-06
123600
32611
1.48162e-06
123550
32754
1.48128e-06
121200
16663
1.48720e-06
120650
16713
1.48705e-06
121250
16759
1.48536e-06
120450
10102
1.48706e-06
120450
10196
1.48703e-06
120450
10657
1.48691e-06
120450
10107
1.48707e-06
120450
10039
1.48705e-06
120450
10082
1.48706e-06
120450
10288
1.48696e-06
120450
10215
1.48688e-06
120450
10314
1.48697e-06
120450
10169
1.48688e-06
120450
10134
1.48688e-06
120450
10105
1.48689e-06
120450
10205
1.48668e-06
120450
10169
1.48670e-06
120450
10278
1.48668e-06
