
121400
56324
1.48640e-06
120800
53813
1.48325e-06
121300
57215
1.48402e-06
122850
32519
1.48165e-06
123000
32743
1.48219e-06
122850
32519
1.48315e-06
125050
21823
1.48311e-06
125050
22380
1.48233e-06
125100
22470
1.48274e-06
126300
13577
1.48481e-06
126350
13611
1.48796e-06
125700
13685
1.48193e-06
126050
13572
1.48513e-06
126000
13693
1.48344e-06
126200
13685
1.48726e-06
126100
13526
1.48380e-06
126100
13708
1.48574e-06
126250
13538
1.48621e-06
126100
13579
1.48463e-06
126150
13560
1.48483e-06
126050
13597
1.48318e-06
