
120475
59394
1.48397e-06
120568
59671
1.48508e-06
120555
59523
1.48644e-06
120606
30540
1.48516e-06
120592
32143
1.48497e-06
120628
32886
1.48510e-06
120540
22756
1.48544e-06
120569
21994
1.48555e-06
120588
20312
1.48595e-06
120454
18704
1.48635e-06
120444
19800
1.48634e-06
120472
18011
1.48640e-06
120420
19372
1.48644e-06
120420
18465
1.48645e-06
120419
18027
1.48645e-06
120419
18553
1.48645e-06
120419
18629
1.48645e-06
120419
18394
1.48645e-06
120412
19179
1.48625e-06
120421
19316
1.48644e-06
120420
19054
1.48644e-06
