
120545
74167
1.48589e-06
121345
81726
1.48613e-06
121003
82675
1.48253e-06
123931
49843
1.48142e-06
123858
49851
1.47997e-06
123728
49344
1.48004e-06
125003
33257
1.47811e-06
125093
33211
1.47896e-06
124922
33377
1.48027e-06
123972
20460
1.48081e-06
123818
20187
1.48058e-06
123800
20215
1.47998e-06
123326
20643
1.48015e-06
123519
21026
1.48075e-06
123362
20708
1.48063e-06
123327
21426
1.48034e-06
123367
21202
1.48104e-06
123374
21222
1.48155e-06
123409
21933
1.48190e-06
123381
21953
1.48106e-06
123666
22224
1.48060e-06
