nx, time
16320
159
9.77851e-03
16218
178
9.77851e-03
15351
150
9.77851e-03
15351
158
9.77851e-03
15606
153
9.77851e-03
32793
687
1.02365e-02
33150
759
1.02365e-02
33456
759
1.02365e-02
32538
657
1.02365e-02
32130
656
1.02365e-02
55080
1931
1.04664e-02
54927
2003
1.04664e-02
55080
1944
1.04664e-02
54927
1930
1.04664e-02
54825
1957
1.04664e-02
82875
4272
1.06046e-02
83130
4209
1.06046e-02
83028
4237
1.06046e-02
82824
4167
1.06046e-02
82824
4264
1.06046e-02
116025
8873
1.06968e-02
116484
8875
1.06968e-02
116178
8891
1.06968e-02
116178
8941
1.06968e-02
116484
8984
1.06968e-02
154530
15875
1.07628e-02
154683
16474
1.07628e-02
154122
16098
1.07628e-02
154581
15914
1.07628e-02
154479
15890
1.07628e-02
205683
29356
6.18624e-07
205683
29444
6.19077e-07
205173
27731
6.20219e-07
205071
27878
6.16925e-07
205275
27266
6.21284e-07
