nx, time
27202
277
9.77849e-03
15329
162
9.77850e-03
16222
164
9.77850e-03
15853
164
9.77850e-03
15513
160
9.77850e-03
33544
766
1.02365e-02
34924
826
1.02365e-02
33237
783
1.02365e-02
35015
801
1.02365e-02
34902
796
1.02365e-02
59777
2472
1.04663e-02
59123
2498
1.04663e-02
60444
2490
1.04663e-02
59909
2504
1.04663e-02
56231
2540
1.04663e-02
83493
6448
1.06045e-02
84335
6109
1.06045e-02
86292
6403
1.06045e-02
86255
6566
1.06045e-02
86640
6583
1.06045e-02
120937
13566
1.06968e-02
117234
12978
1.06968e-02
124353
13489
1.06968e-02
119301
13153
1.06968e-02
116734
13128
1.06968e-02
157102
23340
1.07628e-02
157260
22952
1.07628e-02
156244
22806
1.07628e-02
154960
22777
1.07628e-02
156854
23056
1.07628e-02
210025
41424
6.77812e-07
208920
41110
6.82624e-07
208482
41431
6.65799e-07
208867
40674
6.51202e-07
208766
41416
6.73552e-07
