nx, time
14986
515
9.77851e-03
14979
478
9.77851e-03
14980
484
9.77851e-03
14975
458
9.77851e-03
14977
463
9.77851e-03
31967
1525
1.02365e-02
31967
1521
1.02365e-02
31963
1522
1.02365e-02
31964
1517
1.02365e-02
31967
1524
1.02365e-02
54632
3982
1.04664e-02
54633
3956
1.04664e-02
54629
4004
1.04664e-02
54631
3960
1.04664e-02
54633
3943
1.04664e-02
82692
8491
1.06046e-02
82690
8214
1.06046e-02
82686
8708
1.06046e-02
82703
9151
1.06046e-02
82686
8303
1.06046e-02
115914
16007
1.06968e-02
115915
16212
1.06968e-02
115917
16202
1.06968e-02
115916
16359
1.06968e-02
115905
16181
1.06968e-02
154136
28070
1.07628e-02
154133
28625
1.07628e-02
154136
28040
1.07628e-02
154136
27590
1.07628e-02
154130
28039
1.07628e-02
204960
48572
6.22792e-07
204962
48818
6.22788e-07
204960
47925
6.22795e-07
204953
48158
6.22713e-07
204950
47801
6.22636e-07
