nx, time
16077
527
1.51101e-05
16071
517
1.51099e-05
16083
521
1.51103e-05
16087
518
1.51101e-05
16079
517
1.51101e-05
34458
1793
6.67410e-06
34435
1788
6.67429e-06
34443
1787
6.67351e-06
34479
1805
6.67459e-06
34449
1788
6.67450e-06
59072
4714
3.69130e-06
59014
4713
3.69065e-06
59008
4695
3.69003e-06
59041
4732
3.69090e-06
59085
4728
3.69207e-06
89566
9999
2.27691e-06
89513
10010
2.27871e-06
89571
10087
2.27681e-06
89576
9854
2.27739e-06
89623
10380
2.27856e-06
125442
20303
1.47464e-06
125447
20261
1.47534e-06
125510
19898
1.47597e-06
125587
19835
1.47659e-06
125569
19692
1.47529e-06
166689
33316
9.63105e-07
166830
32956
9.61216e-07
166739
32839
9.62439e-07
166670
33175
9.63164e-07
166591
33044
9.62643e-07
212557
53840
6.06843e-07
212646
53981
6.10152e-07
212450
53585
6.07920e-07
212657
53793
6.09111e-07
212569
54956
6.07719e-07
