nx, time
16900
233
1.51107e-05
16850
242
1.51102e-05
16900
231
1.51103e-05
16850
245
1.51102e-05
16900
235
1.51107e-05
35600
946
6.67529e-06
35650
950
6.67609e-06
35600
951
6.67549e-06
35450
966
6.67478e-06
35600
953
6.67563e-06
59700
2589
3.69340e-06
59750
2645
3.69515e-06
59950
2577
3.69386e-06
59950
2610
3.69534e-06
60000
2874
3.69415e-06
90550
6663
2.28527e-06
90300
6652
2.28078e-06
90550
6653
2.28479e-06
90350
6759
2.28509e-06
90450
6653
2.28297e-06
125900
13692
1.48603e-06
126250
13597
1.48436e-06
126300
13554
1.48401e-06
126250
13528
1.48303e-06
125750
13754
1.48375e-06
167200
23205
9.74157e-07
167300
23186
9.75712e-07
167150
23286
9.74516e-07
166950
23427
9.74086e-07
166150
23606
9.73524e-07
210700
36827
6.17994e-07
210650
37624
6.16266e-07
211450
36708
6.19024e-07
211300
36863
6.18769e-07
211300
37089
6.17094e-07
