nx, time
15550
151
1.51119e-05
15550
165
1.51119e-05
15550
177
1.51120e-05
15550
156
1.51120e-05
15550
155
1.51120e-05
33200
712
6.67745e-06
33200
710
6.67744e-06
33200
724
6.67742e-06
33200
718
6.67744e-06
33200
721
6.67745e-06
56750
2194
3.69629e-06
56750
2172
3.69629e-06
56750
2162
3.69628e-06
56750
2173
3.69629e-06
56750
2157
3.69628e-06
85900
4828
2.28496e-06
85900
4969
2.28501e-06
85900
4828
2.28500e-06
85900
4911
2.28502e-06
85900
4994
2.28497e-06
120450
10282
1.48691e-06
120450
10308
1.48691e-06
120450
10115
1.48700e-06
120450
10106
1.48707e-06
120450
10125
1.48705e-06
160200
17679
9.76446e-07
160200
17787
9.76458e-07
160200
17748
9.76419e-07
160200
17702
9.76456e-07
160200
18144
9.76456e-07
204950
29605
6.22804e-07
205000
29121
6.23586e-07
205000
29296
6.23520e-07
205000
29124
6.23550e-07
205000
29567
6.23633e-07
