nx, time
15501
532
1.51110e-05
15501
514
1.51110e-05
15501
515
1.51110e-05
15501
496
1.51110e-05
15501
495
1.51110e-05
33151
1653
6.67640e-06
33151
1652
6.67640e-06
33151
1658
6.67640e-06
33151
1654
6.67640e-06
33151
1651
6.67640e-06
56712
4454
3.69532e-06
56709
4583
3.69526e-06
56715
4393
3.69536e-06
56715
4480
3.69535e-06
56713
4441
3.69537e-06
85908
8692
2.28450e-06
85880
8690
2.28426e-06
85903
8761
2.28440e-06
85903
8717
2.28431e-06
85897
8704
2.28412e-06
120482
17374
1.48636e-06
120472
17316
1.48615e-06
120469
17321
1.48608e-06
120483
17361
1.48635e-06
120473
17279
1.48605e-06
160320
29844
9.75121e-07
160301
30327
9.75202e-07
160317
29807
9.75031e-07
160334
29758
9.75261e-07
160328
30365
9.75240e-07
205194
48692
6.22026e-07
205188
48316
6.22141e-07
205196
48338
6.22154e-07
205195
49446
6.22093e-07
205159
48832
6.22189e-07
