nx, time
16699
609
1.51094e-05
16712
598
1.51096e-05
16708
588
1.51094e-05
16722
587
1.51097e-05
16710
587
1.51095e-05
35213
2019
6.67375e-06
35231
2025
6.67377e-06
35243
2042
6.67366e-06
35224
2026
6.67392e-06
35208
2021
6.67348e-06
59254
5133
3.69148e-06
59167
5166
3.69212e-06
59127
5249
3.69142e-06
59180
5376
3.69165e-06
59109
5099
3.69086e-06
88858
10567
2.27866e-06
88857
10422
2.27869e-06
88904
10618
2.27925e-06
88899
10648
2.27955e-06
88873
10470
2.27914e-06
123768
20228
1.47830e-06
123881
20258
1.48031e-06
123741
20226
1.47996e-06
123771
20390
1.47940e-06
123954
20445
1.48034e-06
163471
33883
9.68336e-07
163492
34107
9.68514e-07
163398
33625
9.68266e-07
163446
33882
9.67623e-07
163580
34268
9.67783e-07
209310
54205
6.13751e-07
208797
53208
6.11561e-07
209358
54730
6.13679e-07
209152
54401
6.14093e-07
208739
53361
6.10617e-07
