nx, time
17442
200
1.49812e-05
21726
285
1.51008e-05
16881
197
1.50538e-05
18921
231
1.50867e-05
19635
252
1.51038e-05
35496
831
6.63126e-06
34884
806
6.64770e-06
35700
837
6.62999e-06
34731
828
6.63477e-06
34221
833
6.47101e-06
61506
2683
3.57032e-06
58140
2441
3.49034e-06
59466
2499
3.58926e-06
59670
2432
3.61512e-06
60537
2544
3.58496e-06
88077
5279
2.11365e-06
87924
5306
2.06237e-06
88179
5276
2.12857e-06
88842
5345
2.18159e-06
89097
5330
2.15475e-06
121176
10770
1.19527e-06
120207
10751
1.15628e-06
123573
10981
1.32946e-06
120972
10783
1.21652e-06
123318
10997
1.33601e-06
161160
19140
6.39144e-07
160752
19057
6.72365e-07
165852
19344
8.61003e-07
158457
18463
6.48165e-07
149532
18170
1.41327e-06
210375
32322
4.57201e-07
204510
31215
5.17390e-07
197319
29536
6.22997e-07
207111
31062
4.64622e-07
209508
32931
4.83814e-07
