nx, time
16106
959
1.51138e-05
16245
966
1.51155e-05
16167
970
1.51156e-05
16085
967
1.51158e-05
15981
976
1.51168e-05
34397
2492
6.68518e-06
33923
2499
6.68466e-06
34064
2509
6.68918e-06
34886
2521
6.68831e-06
33910
2488
6.68393e-06
58432
5551
3.71878e-06
57911
5537
3.71723e-06
58499
5552
3.71587e-06
58069
5517
3.71545e-06
57944
5492
3.71129e-06
91275
10552
2.31797e-06
91085
10566
2.31551e-06
87790
10509
2.31188e-06
90892
10570
2.31583e-06
91234
10620
2.31573e-06
130429
19649
1.54453e-06
127196
19302
1.51618e-06
123782
19172
1.50157e-06
124415
19530
1.52459e-06
125096
19653
1.54512e-06
162947
31778
9.86538e-07
162565
31902
9.83733e-07
164581
32442
1.00002e-06
162971
32476
1.00544e-06
162373
31945
9.89187e-07
208710
50618
6.26257e-07
209664
51106
6.32681e-07
208521
50582
6.23174e-07
207278
51227
6.29712e-07
208196
50660
6.23065e-07
